1525083386 0 0 0 0 0 365 0
1525434051 0 0 28 0 0 365 0
1525434169 0 0 29 0 0 365 0
1525434212 0 0 30 0 0 365 0
1525728608 7 0 30 0 0 365 0
1526163104 30 0 30 0 0 365 0
1526163565 30 1 30 0 0 365 0
1526164945 100 1 30 0 0 365 0
1526165090 100 1 30 0 0 365 0
1526167186 100 1 30 0 0 365 30
1526167510 100 1 30 0 0 365 30
1526251364 100 1 30 113 0 365 30
1526254087 100 1 30 113 0 365 30
1526311587 156 1 30 113 0 365 30
1526325497 156 1 30 191 0 365 30
1526350546 156 1 30 191 0 365 30
1526489213 156 1 30 191 123 365 30
1526489456 156 1 30 191 123 365 30
1526491405 213 1 30 191 123 365 30
